Reading aggs..

===========================
iteration:0
congestor:[759, 761, 763, 765, 805, 807, 809, 811, 813, 815, 817, 819, 909, 911, 913, 915, 920, 922, 924, 926, 928, 930, 932, 999, 1001, 1011, 1013, 1015, 1017, 1019, 1021, 1023, 1164, 1166, 1339, 1341, 1343, 1370, 1372, 1374, 1376, 1378, 1380, 1382, 1384, 1386, 1388, 1390, 1407, 1464, 1466, 1468, 1470, 1472, 1521, 1523, 1525, 1527, 1529, 1531, 1618, 1620, 1622, 1624]
green:[1625, 1626, 1755, 1756, 1757, 1758, 1763, 1764, 1765, 1766, 1767, 1768, 1769, 1770, 1771, 1772, 1910, 1911, 1912, 1913, 1979, 1980, 2020, 2021, 2022, 2023, 2024, 2025, 2026, 2027, 2028, 2029, 2030, 2169, 2170, 2171, 2172, 2267, 12723, 12753, 12776, 12812, 12813, 12814, 12815, 12816, 12817, 12818, 12819, 12820, 12821, 12822, 12823, 12824, 12825, 12826, 12827, 12828, 12829, 12830, 12831, 12918, 12968, 12992]
yellow:[746, 760, 762, 764, 766, 806, 808, 810, 812, 814, 816, 818, 820, 910, 912, 914, 916, 921, 923, 925, 927, 929, 931, 998, 1000, 1002, 1012, 1014, 1016, 1018, 1020, 1022, 1163, 1165, 1167, 1340, 1342, 1369, 1371, 1373, 1375, 1377, 1379, 1381, 1383, 1385, 1387, 1389, 1391, 1463, 1465, 1467, 1469, 1471, 1520, 1522, 1524, 1526, 1528, 1530, 1532, 1619, 1621, 1623]

===========================
iteration:1
congestor:[816, 818, 820, 910, 912, 914, 916, 921, 923, 925, 927, 929, 931, 998, 1000, 1002, 1012, 1014, 1016, 1018, 1020, 1022, 1163, 1165, 1167, 1340, 1342, 1369, 1371, 1373, 1375, 1377, 1379, 1381, 1383, 1385, 1387, 1389, 1391, 1463, 1465, 1467, 1469, 1471, 1520, 1522, 1524, 1526, 1528, 1530, 1532, 1619, 1621, 1623, 1625, 1755, 1757, 1763, 1765, 1767, 1769, 1771, 1910, 1912]
green:[1913, 1979, 1980, 2020, 2021, 2022, 2023, 2024, 2025, 2026, 2027, 2028, 2029, 2030, 2169, 2170, 2171, 2172, 2267, 12723, 12753, 12776, 12812, 12813, 12814, 12815, 12816, 12817, 12818, 12819, 12820, 12821, 12822, 12823, 12824, 12825, 12826, 12827, 12828, 12829, 12830, 12831, 12918, 12968, 12992, 746, 759, 760, 761, 762, 763, 764, 765, 766, 805, 806, 807, 808, 809, 810, 811, 812, 813, 814]
yellow:[815, 817, 819, 909, 911, 913, 915, 920, 922, 924, 926, 928, 930, 932, 999, 1001, 1011, 1013, 1015, 1017, 1019, 1021, 1023, 1164, 1166, 1339, 1341, 1343, 1370, 1372, 1374, 1376, 1378, 1380, 1382, 1384, 1386, 1388, 1390, 1407, 1464, 1466, 1468, 1470, 1472, 1521, 1523, 1525, 1527, 1529, 1531, 1618, 1620, 1622, 1624, 1626, 1756, 1758, 1764, 1766, 1768, 1770, 1772, 1911]

===========================
iteration:2
congestor:[926, 928, 930, 932, 999, 1001, 1011, 1013, 1015, 1017, 1019, 1021, 1023, 1164, 1166, 1339, 1341, 1343, 1370, 1372, 1374, 1376, 1378, 1380, 1382, 1384, 1386, 1388, 1390, 1407, 1464, 1466, 1468, 1470, 1472, 1521, 1523, 1525, 1527, 1529, 1531, 1618, 1620, 1622, 1624, 1626, 1756, 1758, 1764, 1766, 1768, 1770, 1772, 1911, 1913, 1980, 2021, 2023, 2025, 2027, 2029, 2169, 2171, 2267]
green:[12723, 12753, 12776, 12812, 12813, 12814, 12815, 12816, 12817, 12818, 12819, 12820, 12821, 12822, 12823, 12824, 12825, 12826, 12827, 12828, 12829, 12830, 12831, 12918, 12968, 12992, 746, 759, 760, 761, 762, 763, 764, 765, 766, 805, 806, 807, 808, 809, 810, 811, 812, 813, 814, 815, 816, 817, 818, 819, 820, 909, 910, 911, 912, 913, 914, 915, 916, 920, 921, 922, 923, 924]
yellow:[925, 927, 929, 931, 998, 1000, 1002, 1012, 1014, 1016, 1018, 1020, 1022, 1163, 1165, 1167, 1340, 1342, 1369, 1371, 1373, 1375, 1377, 1379, 1381, 1383, 1385, 1387, 1389, 1391, 1463, 1465, 1467, 1469, 1471, 1520, 1522, 1524, 1526, 1528, 1530, 1532, 1619, 1621, 1623, 1625, 1755, 1757, 1763, 1765, 1767, 1769, 1771, 1910, 1912, 1979, 2020, 2022, 2024, 2026, 2028, 2030, 2170, 2172]

===========================
iteration:3
congestor:[1018, 1020, 1022, 1163, 1165, 1167, 1340, 1342, 1369, 1371, 1373, 1375, 1377, 1379, 1381, 1383, 1385, 1387, 1389, 1391, 1463, 1465, 1467, 1469, 1471, 1520, 1522, 1524, 1526, 1528, 1530, 1532, 1619, 1621, 1623, 1625, 1755, 1757, 1763, 1765, 1767, 1769, 1771, 1910, 1912, 1979, 2020, 2022, 2024, 2026, 2028, 2030, 2170, 2172, 12723, 12776, 12813, 12815, 12817, 12819, 12821, 12823, 12825, 12827]
green:[12828, 12829, 12830, 12831, 12918, 12968, 12992, 746, 759, 760, 761, 762, 763, 764, 765, 766, 805, 806, 807, 808, 809, 810, 811, 812, 813, 814, 815, 816, 817, 818, 819, 820, 909, 910, 911, 912, 913, 914, 915, 916, 920, 921, 922, 923, 924, 925, 926, 927, 928, 929, 930, 931, 932, 998, 999, 1000, 1001, 1002, 1011, 1012, 1013, 1014, 1015, 1016]
yellow:[1017, 1019, 1021, 1023, 1164, 1166, 1339, 1341, 1343, 1370, 1372, 1374, 1376, 1378, 1380, 1382, 1384, 1386, 1388, 1390, 1407, 1464, 1466, 1468, 1470, 1472, 1521, 1523, 1525, 1527, 1529, 1531, 1618, 1620, 1622, 1624, 1626, 1756, 1758, 1764, 1766, 1768, 1770, 1772, 1911, 1913, 1980, 2021, 2023, 2025, 2027, 2029, 2169, 2171, 2267, 12753, 12812, 12814, 12816, 12818, 12820, 12822, 12824, 12826]

===========================
iteration:4
congestor:[1372, 1374, 1376, 1378, 1380, 1382, 1384, 1386, 1388, 1390, 1407, 1464, 1466, 1468, 1470, 1472, 1521, 1523, 1525, 1527, 1529, 1531, 1618, 1620, 1622, 1624, 1626, 1756, 1758, 1764, 1766, 1768, 1770, 1772, 1911, 1913, 1980, 2021, 2023, 2025, 2027, 2029, 2169, 2171, 2267, 12753, 12812, 12814, 12816, 12818, 12820, 12822, 12824, 12826, 12828, 12830, 12918, 12992, 759, 761, 763, 765, 805, 807]
green:[808, 809, 810, 811, 812, 813, 814, 815, 816, 817, 818, 819, 820, 909, 910, 911, 912, 913, 914, 915, 916, 920, 921, 922, 923, 924, 925, 926, 927, 928, 929, 930, 931, 932, 998, 999, 1000, 1001, 1002, 1011, 1012, 1013, 1014, 1015, 1016, 1017, 1018, 1019, 1020, 1021, 1022, 1023, 1163, 1164, 1165, 1166, 1167, 1339, 1340, 1341, 1342, 1343, 1369, 1370]
yellow:[1371, 1373, 1375, 1377, 1379, 1381, 1383, 1385, 1387, 1389, 1391, 1463, 1465, 1467, 1469, 1471, 1520, 1522, 1524, 1526, 1528, 1530, 1532, 1619, 1621, 1623, 1625, 1755, 1757, 1763, 1765, 1767, 1769, 1771, 1910, 1912, 1979, 2020, 2022, 2024, 2026, 2028, 2030, 2170, 2172, 12723, 12776, 12813, 12815, 12817, 12819, 12821, 12823, 12825, 12827, 12829, 12831, 12968, 746, 760, 762, 764, 766, 806]

===========================
iteration:5
congestor:[1391, 1463, 1465, 1467, 1469, 1471, 1520, 1522, 1524, 1526, 1528, 1530, 1532, 1619, 1621, 1623, 1625, 1755, 1757, 1763, 1765, 1767, 1769, 1771, 1910, 1912, 1979, 2020, 2022, 2024, 2026, 2028, 2030, 2170, 2172, 12723, 12776, 12813, 12815, 12817, 12819, 12821, 12823, 12825, 12827, 12829, 12831, 12968, 746, 760, 762, 764, 766, 806, 808, 810, 812, 814, 816, 818, 820, 910, 912, 914]
green:[915, 916, 920, 921, 922, 923, 924, 925, 926, 927, 928, 929, 930, 931, 932, 998, 999, 1000, 1001, 1002, 1011, 1012, 1013, 1014, 1015, 1016, 1017, 1018, 1019, 1020, 1021, 1022, 1023, 1163, 1164, 1165, 1166, 1167, 1339, 1340, 1341, 1342, 1343, 1369, 1370, 1371, 1372, 1373, 1374, 1375, 1376, 1377, 1378, 1379, 1380, 1381, 1382, 1383, 1384, 1385, 1386, 1387, 1388, 1389]
yellow:[1390, 1407, 1464, 1466, 1468, 1470, 1472, 1521, 1523, 1525, 1527, 1529, 1531, 1618, 1620, 1622, 1624, 1626, 1756, 1758, 1764, 1766, 1768, 1770, 1772, 1911, 1913, 1980, 2021, 2023, 2025, 2027, 2029, 2169, 2171, 2267, 12753, 12812, 12814, 12816, 12818, 12820, 12822, 12824, 12826, 12828, 12830, 12918, 12992, 759, 761, 763, 765, 805, 807, 809, 811, 813, 815, 817, 819, 909, 911, 913]

===========================
iteration:6
congestor:[1527, 1529, 1531, 1618, 1620, 1622, 1624, 1626, 1756, 1758, 1764, 1766, 1768, 1770, 1772, 1911, 1913, 1980, 2021, 2023, 2025, 2027, 2029, 2169, 2171, 2267, 12753, 12812, 12814, 12816, 12818, 12820, 12822, 12824, 12826, 12828, 12830, 12918, 12992, 759, 761, 763, 765, 805, 807, 809, 811, 813, 815, 817, 819, 909, 911, 913, 915, 920, 922, 924, 926, 928, 930, 932, 999, 1001]
green:[1002, 1011, 1012, 1013, 1014, 1015, 1016, 1017, 1018, 1019, 1020, 1021, 1022, 1023, 1163, 1164, 1165, 1166, 1167, 1339, 1340, 1341, 1342, 1343, 1369, 1370, 1371, 1372, 1373, 1374, 1375, 1376, 1377, 1378, 1379, 1380, 1381, 1382, 1383, 1384, 1385, 1386, 1387, 1388, 1389, 1390, 1391, 1407, 1463, 1464, 1465, 1466, 1467, 1468, 1469, 1470, 1471, 1472, 1520, 1521, 1522, 1523, 1524, 1525]
yellow:[1526, 1528, 1530, 1532, 1619, 1621, 1623, 1625, 1755, 1757, 1763, 1765, 1767, 1769, 1771, 1910, 1912, 1979, 2020, 2022, 2024, 2026, 2028, 2030, 2170, 2172, 12723, 12776, 12813, 12815, 12817, 12819, 12821, 12823, 12825, 12827, 12829, 12831, 12968, 746, 760, 762, 764, 766, 806, 808, 810, 812, 814, 816, 818, 820, 910, 912, 914, 916, 921, 923, 925, 927, 929, 931, 998, 1000]

===========================
iteration:7
congestor:[1763, 1765, 1767, 1769, 1771, 1910, 1912, 1979, 2020, 2022, 2024, 2026, 2028, 2030, 2170, 2172, 12723, 12776, 12813, 12815, 12817, 12819, 12821, 12823, 12825, 12827, 12829, 12831, 12968, 746, 760, 762, 764, 766, 806, 808, 810, 812, 814, 816, 818, 820, 910, 912, 914, 916, 921, 923, 925, 927, 929, 931, 998, 1000, 1002, 1012, 1014, 1016, 1018, 1020, 1022, 1163, 1165, 1167]
green:[1339, 1340, 1341, 1342, 1343, 1369, 1370, 1371, 1372, 1373, 1374, 1375, 1376, 1377, 1378, 1379, 1380, 1381, 1382, 1383, 1384, 1385, 1386, 1387, 1388, 1389, 1390, 1391, 1407, 1463, 1464, 1465, 1466, 1467, 1468, 1469, 1470, 1471, 1472, 1520, 1521, 1522, 1523, 1524, 1525, 1526, 1527, 1528, 1529, 1530, 1531, 1532, 1618, 1619, 1620, 1621, 1622, 1623, 1624, 1625, 1626, 1755, 1756, 1757]
yellow:[1758, 1764, 1766, 1768, 1770, 1772, 1911, 1913, 1980, 2021, 2023, 2025, 2027, 2029, 2169, 2171, 2267, 12753, 12812, 12814, 12816, 12818, 12820, 12822, 12824, 12826, 12828, 12830, 12918, 12992, 759, 761, 763, 765, 805, 807, 809, 811, 813, 815, 817, 819, 909, 911, 913, 915, 920, 922, 924, 926, 928, 930, 932, 999, 1001, 1011, 1013, 1015, 1017, 1019, 1021, 1023, 1164, 1166]

===========================
iteration:8
congestor:[2023, 2025, 2027, 2029, 2169, 2171, 2267, 12753, 12812, 12814, 12816, 12818, 12820, 12822, 12824, 12826, 12828, 12830, 12918, 12992, 759, 761, 763, 765, 805, 807, 809, 811, 813, 815, 817, 819, 909, 911, 913, 915, 920, 922, 924, 926, 928, 930, 932, 999, 1001, 1011, 1013, 1015, 1017, 1019, 1021, 1023, 1164, 1166, 1339, 1341, 1343, 1370, 1372, 1374, 1376, 1378, 1380, 1382]
green:[1383, 1384, 1385, 1386, 1387, 1388, 1389, 1390, 1391, 1407, 1463, 1464, 1465, 1466, 1467, 1468, 1469, 1470, 1471, 1472, 1520, 1521, 1522, 1523, 1524, 1525, 1526, 1527, 1528, 1529, 1530, 1531, 1532, 1618, 1619, 1620, 1621, 1622, 1623, 1624, 1625, 1626, 1755, 1756, 1757, 1758, 1763, 1764, 1765, 1766, 1767, 1768, 1769, 1770, 1771, 1772, 1910, 1911, 1912, 1913, 1979, 1980, 2020, 2021]
yellow:[2022, 2024, 2026, 2028, 2030, 2170, 2172, 12723, 12776, 12813, 12815, 12817, 12819, 12821, 12823, 12825, 12827, 12829, 12831, 12968, 746, 760, 762, 764, 766, 806, 808, 810, 812, 814, 816, 818, 820, 910, 912, 914, 916, 921, 923, 925, 927, 929, 931, 998, 1000, 1002, 1012, 1014, 1016, 1018, 1020, 1022, 1163, 1165, 1167, 1340, 1342, 1369, 1371, 1373, 1375, 1377, 1379, 1381]

===========================
iteration:9
congestor:[12815, 12817, 12819, 12821, 12823, 12825, 12827, 12829, 12831, 12968, 746, 760, 762, 764, 766, 806, 808, 810, 812, 814, 816, 818, 820, 910, 912, 914, 916, 921, 923, 925, 927, 929, 931, 998, 1000, 1002, 1012, 1014, 1016, 1018, 1020, 1022, 1163, 1165, 1167, 1340, 1342, 1369, 1371, 1373, 1375, 1377, 1379, 1381, 1383, 1385, 1387, 1389, 1391, 1463, 1465, 1467, 1469, 1471]
green:[1472, 1520, 1521, 1522, 1523, 1524, 1525, 1526, 1527, 1528, 1529, 1530, 1531, 1532, 1618, 1619, 1620, 1621, 1622, 1623, 1624, 1625, 1626, 1755, 1756, 1757, 1758, 1763, 1764, 1765, 1766, 1767, 1768, 1769, 1770, 1771, 1772, 1910, 1911, 1912, 1913, 1979, 1980, 2020, 2021, 2022, 2023, 2024, 2025, 2026, 2027, 2028, 2029, 2030, 2169, 2170, 2171, 2172, 2267, 12723, 12753, 12776, 12812, 12813]
yellow:[12814, 12816, 12818, 12820, 12822, 12824, 12826, 12828, 12830, 12918, 12992, 759, 761, 763, 765, 805, 807, 809, 811, 813, 815, 817, 819, 909, 911, 913, 915, 920, 922, 924, 926, 928, 930, 932, 999, 1001, 1011, 1013, 1015, 1017, 1019, 1021, 1023, 1164, 1166, 1339, 1341, 1343, 1370, 1372, 1374, 1376, 1378, 1380, 1382, 1384, 1386, 1388, 1390, 1407, 1464, 1466, 1468, 1470]
